\begin{filecontents}{ti2-cltj}
0.000194683
5.2728e-05
8.7314e-05
0.000135991
0.000117385
0.000671324
8.0691e-05
7.9291e-05
0.000104042
5.2373e-05
0.000325319
0.000253708
0.000119253
0.000322418
7.8404e-05
0.000141508
0.000351213
8.6322e-05
0.000236366
9.9292e-05
0.000154504
0.000969341
5.7684e-05
8.5437e-05
6.5695e-05
0.00117276
0.000105302
0.000271983
0.000174246
0.00025614
0.00028588
0.000194352
0.000322577
0.00067179
0.000587452
0.000106047
7.707e-05
0.000388259
0.00057851
8.405e-05
0.000359105
0.000104357
5.8988e-05
8.5e-05
0.000180158
0.000447025
8.453e-05
0.000841015
0.000717501
7.529e-05
\end{filecontents}
