\begin{filecontents}{ti2-uncltj}
0.000142781
7.7894e-05
0.000259121
0.000188041
0.000168134
0.000183349
9.4721e-05
0.00010427
0.00013717
7.3919e-05
0.000398027
0.000276074
9.3875e-05
0.000297208
5.3565e-05
0.000136726
0.000312057
6.2774e-05
0.000226243
8.2048e-05
0.000116954
0.000864991
5.2492e-05
6.4009e-05
6.0179e-05
0.00115684
8.625e-05
0.000234446
0.000146327
0.000257767
0.000254007
0.000157222
0.000344222
0.000651021
0.00054563
0.000103891
5.8958e-05
0.000388612
0.000583641
6.1267e-05
0.000329873
9.9383e-05
5.4623e-05
8.4459e-05
0.000250786
0.000412062
7.182e-05
0.000805396
0.000739317
8.1106e-05
\end{filecontents}
