\begin{filecontents}{p2-cltj}
0.000344315
0.000291315
7.8024e-05
0.000100855
0.000167509
0.000144264
0.000480252
0.000139661
0.000112125
0.000305955
8.1843e-05
0.0051363
0.000234907
0.000309234
0.000175069
0.000826249
0.000316805
6.6981e-05
0.000187463
0.000379539
7.3628e-05
0.000899015
0.000265228
0.000116193
0.00041632
0.000185112
0.000396039
9.0964e-05
0.000104403
0.00030293
7.2306e-05
0.000683943
0.000316322
0.000715165
0.000317751
0.000181158
8.4443e-05
0.0001077
0.000105979
0.000301134
6.5168e-05
7.1516e-05
0.000138656
6.6195e-05
6.2363e-05
0.000456276
0.000246419
8.5259e-05
0.000193535
8.4554e-05
\end{filecontents}
