\begin{filecontents}{p2-qdags}
0.024478
0.0139219
0.107536
0.0192812
0.156147
0.00753093
0.0796128
0.0136635
0.0203389
0.635846
0.0381105
0.0155595
0.0262234
0.0293759
0.0240589
0.0146949
0.0902201
0.018208
0.0228072
0.0212345
0.132402
0.0183257
0.0219145
0.0446889
0.0457618
0.0132395
0.0405434
0.00767805
0.00600465
0.0138035
0.0421533
0.0213345
0.0254114
0.220005
0.018017
0.0133343
0.0176476
0.0174515
0.0164714
0.0231259
0.00524427
0.00671379
0.00871724
0.0160658
0.030754
0.0219993
0.0194637
0.00682972
0.0178606
0.012448
\end{filecontents}
