\begin{filecontents}{p2-uncltj}
0.00031886
0.000415167
0.00033368
0.000143792
0.000241418
0.000162437
0.000620268
0.000231281
0.000216214
0.000507263
0.000144851
0.00697666
0.000212222
0.000276325
0.000167401
0.000790042
0.00033971
5.7507e-05
0.000173893
0.000362783
9.6695e-05
0.000873804
0.000298566
8.9409e-05
0.000361397
0.000172997
0.00041853
7.0977e-05
9.1095e-05
0.000301506
6.2299e-05
0.000674598
0.000313983
0.000824544
0.000321672
0.000163584
8.4387e-05
9.1366e-05
9.4815e-05
0.000312501
5.9766e-05
6.2228e-05
0.000109767
7.8312e-05
5.6957e-05
0.000460668
0.000295651
5.2489e-05
0.000183029
8.5592e-05
\end{filecontents}
