\begin{filecontents}{t3-cltj}
0.000229837
0.00124189
0.000215748
0.000193903
8.4774e-05
0.000290367
0.000340785
0.000192065
0.000239338
0.000955185
0.000354102
0.000159538
0.000124284
0.000969711
0.000228068
0.000386907
0.000254171
0.000173167
0.000285472
0.000236171
0.000582465
0.000480698
0.000202005
0.000231659
0.000235219
0.000245663
0.00019661
0.000417419
8.1036e-05
8.7422e-05
0.000824693
0.000132819
0.00192765
0.000141814
0.000309554
0.00030166
0.000455048
0.000329679
0.00333511
0.00028583
0.000278424
0.000237151
0.000333552
0.000125425
9.789e-05
9.4614e-05
0.000776052
0.000866562
0.000527569
0.000190498
\end{filecontents}
