\begin{filecontents}{t3-uncltj}
0.00198835
0.00504898
0.000387664
0.0055775
0.000190899
0.000895179
0.000359
0.00018242
0.000239897
0.000924179
0.000206944
0.000124625
7.7635e-05
0.0010449
0.00019084
0.000310374
0.000226358
0.000142709
0.000265
0.000213618
0.000615462
0.0005164
0.0001764
0.000204716
0.000201651
0.000185933
0.000174791
0.000397705
8.2605e-05
0.000104195
0.00104782
0.000117382
0.00195329
0.000136035
0.000298657
0.000284322
0.000642257
0.000327646
0.00362337
0.000223196
0.000255903
0.000232844
0.000305547
6.5479e-05
8.6592e-05
7.5692e-05
0.000868819
0.000854245
0.000541858
0.000260867
\end{filecontents}
