\begin{filecontents}{ti4-cltj}
0.0006499
8.4518e-05
0.000111058
0.000200102
0.000100203
0.000134215
0.000143095
0.000533538
0.000282505
0.000406366
0.000275488
0.00025545
0.000310018
0.000147827
0.000321962
0.000548589
9.3916e-05
0.000350025
0.000166184
0.00010247
0.00024421
0.000147085
0.000485619
0.000138029
0.000148853
0.000479993
0.000246831
0.000177237
0.000384602
0.00034456
0.000187154
0.000971934
0.000481949
0.000187347
0.000144973
0.000241764
0.00024657
0.000171778
0.000123542
0.000312717
0.000216765
0.000252032
0.000117927
0.000638226
0.00058335
0.000144278
0.0014133
0.00015431
0.000158525
0.000114934
\end{filecontents}
