\begin{filecontents}{ti4-uncltj}
0.000825167
7.2066e-05
0.000454977
0.000585132
0.000216046
0.000364098
0.000136685
0.00028464
0.000268107
0.000371173
0.000225867
0.000232973
0.000282819
0.000110397
0.000329103
0.00052723
8.3077e-05
0.000341362
0.000139325
8.8798e-05
0.000256392
0.000130528
0.000424614
0.000100797
0.000122908
0.000447692
0.000252986
0.000140599
0.000361422
0.000304844
0.000143369
0.000926993
0.00048079
0.000178999
0.000126552
0.000210435
0.000221509
0.000146981
0.000122337
0.000300665
0.000217223
0.000234348
0.000119977
0.00076706
0.000652269
0.00017243
0.00215413
0.000115674
0.000106658
9.2418e-05
\end{filecontents}
