\begin{filecontents}{tr1-cltj}
0.00147959
0.00556618
0.000120981
6.8909e-05
0.000324039
0.00121317
0.000297285
0.000837528
0.0116719
9.9907e-05
0.012906
7.2645e-05
0.000474638
0.000184518
0.000152809
0.000210808
0.00136823
0.0009565
0.000108506
0.000244892
0.000326332
0.00350101
0.000996459
0.0423621
0.00162192
0.000697083
0.000138915
0.000220197
0.0526774
0.000127903
0.000455093
0.000413287
0.0201337
0.0118166
0.000597117
0.000566175
0.00251897
0.000390219
0.000335733
0.000399483
0.000598138
0.00113121
0.000127334
0.00260432
0.0157117
0.0256292
0.000213261
0.000268417
0.000337983
0.0111781
\end{filecontents}
