\begin{filecontents}{tr1-uncltj}
0.00204532
0.00566034
0.000263775
8.0985e-05
0.000384027
0.000774085
0.000247798
0.000699834
0.0100515
8.3646e-05
0.0120866
3.5091e-05
0.000376449
0.000140005
0.000123534
0.000196576
0.0014282
0.000909542
7.7853e-05
0.000223026
0.00028662
0.00267611
0.00103528
0.0455837
0.00144618
0.000625568
0.000123632
0.000209101
0.0559152
9.5503e-05
0.000389102
0.000702945
0.019859
0.0112315
0.000590414
0.00103726
0.00221415
0.000428215
0.000206862
0.000373877
0.00053193
0.00101073
0.000197015
0.00236203
0.0158362
0.0203179
0.000159597
0.000319108
0.000339619
0.010394
\end{filecontents}
