\begin{filecontents}{ti3-cltj}
7.522e-05
0.000129472
0.000646217
6.9352e-05
0.000362949
0.000413181
0.000132626
0.000104413
0.000108383
0.000214281
0.000491256
0.000509606
0.000143031
0.000112188
0.000148905
0.000130085
7.7742e-05
0.000544571
6.7355e-05
7.7657e-05
0.000160587
8.8922e-05
9.8004e-05
0.00023749
0.00162624
0.00033969
0.000138534
0.000147965
0.000140497
8.9296e-05
0.000167244
0.00040481
0.00011172
9.3159e-05
0.000329759
0.000220433
7.1938e-05
0.000509944
0.000152888
0.000129854
6.7444e-05
0.000124924
0.000154432
0.000136045
0.000110653
0.000204017
9.2492e-05
0.000157425
0.000113891
0.000512746
\end{filecontents}
