\begin{filecontents}{ti3-uncltj}
4.5643e-05
0.000139559
0.000912677
0.000184019
0.000412031
0.000505087
0.000103916
6.2994e-05
8.4851e-05
0.000163339
0.000430567
0.000498018
0.0001199
0.000120739
0.000137026
0.000119225
6.2151e-05
0.000548904
6.2878e-05
5.6153e-05
0.000150028
7.0613e-05
8.4923e-05
0.000172201
0.00157934
0.000377727
0.000164262
0.000111287
0.000122196
7.6762e-05
0.000121489
0.000377724
9.4847e-05
7.0157e-05
0.000319697
0.000192684
6.1909e-05
0.000482926
0.000144754
5.6546e-05
6.515e-05
0.000108146
0.000276803
0.000102497
8.042e-05
0.000209632
7.721e-05
0.000127655
0.00013765
0.000505458
\end{filecontents}
