\begin{filecontents}{j3-cltj}
0.000184319
0.000441369
0.00045232
0.000179886
0.000235577
9.3777e-05
8.5139e-05
0.000180738
0.000144023
0.000468759
0.000285493
0.00022043
9.8182e-05
9.537e-05
0.00026794
0.000179102
8.6843e-05
0.000553317
0.000108474
0.000522711
0.000333028
6.4753e-05
9.6027e-05
0.000411836
9.8738e-05
0.00057963
0.00126994
0.000557374
0.00018765
0.000102235
0.000111644
0.000205615
0.000130874
0.00014572
9.9065e-05
0.000110786
0.000322296
0.000368075
0.000265409
0.000589664
0.000698876
0.000162998
0.000398138
0.000485985
0.000111748
8.1901e-05
0.000430522
5.7962e-05
0.000127233
0.000654127
\end{filecontents}
