\begin{filecontents}{j3-uncltj}
0.0003511
0.000673472
0.000601252
0.000230314
0.000495875
8.8861e-05
7.5345e-05
0.000212647
0.000131062
0.000437834
0.000212131
0.000200225
8.3879e-05
6.2594e-05
0.000240118
0.000184376
7.1371e-05
0.000526575
8.8744e-05
0.000455875
0.000288012
5.9821e-05
0.000145982
0.000387361
6.8777e-05
0.000573842
0.0012482
0.000532965
0.000144509
0.000125748
7.6334e-05
0.000160666
0.000109539
0.000112472
6.7592e-05
9.4966e-05
0.000282672
0.000357151
0.000465306
0.000900179
0.00074989
0.000127335
0.000353337
0.00047846
7.9913e-05
6.2445e-05
0.000370746
5.1752e-05
0.000105289
0.000594526
\end{filecontents}
