\begin{filecontents}{s1-cltj}
0.000177096
0.00107823
0.00147139
0.00186868
0.0031885
0.000752799
0.000225635
0.000292392
0.00305587
0.000434327
0.00126996
0.000279882
0.000525545
0.0170493
0.000429747
0.000178519
0.00482963
0.000198739
0.0014255
0.00010013
0.000523653
0.0006274
0.00296001
0.00188584
0.00332182
0.00055916
0.0102782
0.000176497
0.0036137
0.000263346
0.00093636
0.000100147
0.00132025
0.00200467
0.000222136
0.000205679
0.000559917
0.000299392
0.000391142
0.000148962
0.00171256
0.00245321
0.00216998
0.002845
0.00741324
0.00186771
0.00017855
0.00776219
0.0194742
0.0012983
\end{filecontents}
