\begin{filecontents}{s1-uncltj}
0.000533024
0.00140448
0.00217052
0.00572495
0.00270081
0.00184087
0.000326918
0.000411378
0.00414326
0.000458368
0.00143576
0.000200394
0.000506509
0.0164596
0.00033883
0.000149725
0.00446816
0.000194639
0.00140849
8.0854e-05
0.000522965
0.000572174
0.00289285
0.00210113
0.00301868
0.000518028
0.00919158
0.000136699
0.00341582
0.00024981
0.000833368
0.000107388
0.00140821
0.00250376
0.000391846
0.000238083
0.00062803
0.00027817
0.000434016
0.000210346
0.00170654
0.00230094
0.00197664
0.00287607
0.00624163
0.00206773
0.00015063
0.00746311
0.0211199
0.00117794
\end{filecontents}
