\begin{filecontents}{p3-cltj}
0.000122313
9.6125e-05
0.000202437
0.00132435
9.1295e-05
0.000248639
0.000148916
0.000403257
0.000725841
0.000177203
0.000730454
0.000151093
0.000375939
0.00010061
0.000267376
0.00030507
0.000436144
0.000192485
0.000114939
0.000252701
0.000262279
0.000447461
0.000660594
0.000185619
8.4932e-05
0.000351329
0.000383584
0.00125109
0.000393403
0.000614437
0.000199047
0.000340469
0.000131011
0.000146432
0.000154569
0.00282393
0.000280374
0.000308941
0.000116042
0.000180365
0.000220704
0.000278284
0.000104427
0.00146566
0.000134135
6.7387e-05
0.000342991
0.000110675
6.4558e-05
8.5022e-05
\end{filecontents}
