\begin{filecontents}{p3-uncltj}
0.000259812
0.000119412
0.000745044
0.00150024
0.00010524
0.00025732
9.6883e-05
0.00034773
0.000649698
0.000136109
0.000612076
0.000113654
0.000319929
6.7085e-05
0.000235343
0.000264572
0.000432742
0.000172739
0.000102547
0.000196235
0.000267993
0.00044575
0.000692442
0.0001451
8.304e-05
0.000344548
0.000335983
0.00112082
0.0003642
0.000581506
0.00019976
0.000366078
0.000155637
0.000120788
0.000131733
0.00276287
0.000236609
0.000362425
8.0454e-05
0.000127581
0.000189931
0.000260219
7.9e-05
0.00135492
0.000101949
5.8372e-05
0.00038984
9.289e-05
7.2416e-05
6.7789e-05
\end{filecontents}
