\begin{filecontents}{p4-cltj}
0.000308925
0.00276566
7.7718e-05
0.000392136
0.000246059
0.000107169
0.000405473
0.000184908
0.00042165
0.000155371
0.000155762
0.00152863
0.00581801
0.000525857
0.000148351
0.000214654
0.0225725
0.000338906
0.000140837
0.000153387
0.0313569
0.000354081
0.000146099
0.00022832
0.000182597
0.000127121
0.000473146
0.00035371
0.00103426
0.0101646
0.000137978
0.0012648
0.000192684
0.000459724
0.000104073
0.000189124
0.000178339
0.000155695
0.000270666
0.000832552
0.000333284
0.000129236
0.000361644
0.000444611
0.0001407
0.000651647
0.000109174
0.000998565
0.000145318
0.000302321
\end{filecontents}
