\begin{filecontents}{p4-uncltj}
0.000964856
0.00354146
0.000269722
0.000513701
0.000368452
7.398e-05
0.000360458
0.000204393
0.000528276
0.000110289
0.000103975
0.00141133
0.00577954
0.000419871
0.000139377
0.000183994
0.0240385
0.000346404
0.000134809
0.000104846
0.0297415
0.000327361
0.000111925
0.000244726
0.000170468
0.000110635
0.000496923
0.000327958
0.000906525
0.00975348
0.000133886
0.00122128
0.000279472
0.000494425
0.000179906
0.000349431
0.000156783
0.000181631
0.000212606
0.000759964
0.0005131
0.000102292
0.000397629
0.000465293
0.000145093
0.000603491
8.7007e-05
0.000965622
0.000122956
0.000275809
\end{filecontents}
