\begin{filecontents}{t2-cltj}
0.000164934
0.000593525
6.4054e-05
0.00014026
0.00015938
8.3604e-05
0.00053156
0.000541881
0.000152935
0.000926519
0.000598082
0.000996589
9.0024e-05
0.000372516
0.000175587
0.000116123
0.000303778
0.000781887
0.000101118
0.000125103
7.2585e-05
0.00109304
0.000820027
0.000933768
0.000260978
0.000513039
0.000121556
0.000120787
0.000399611
9.5236e-05
0.000170452
0.000496922
0.000719424
0.000532643
0.000788117
9.1497e-05
0.000301952
0.00019994
0.000165633
9.719e-05
0.000192649
0.000145295
0.000211994
0.00019327
8.2038e-05
0.000191344
0.000629489
0.000100484
0.000270381
0.000293132
\end{filecontents}
