\begin{filecontents}{t2-uncltj}
0.000386752
0.00195888
0.000171723
0.000274193
0.000234041
0.000138125
0.000737147
0.000540458
0.000120461
0.000829604
0.000611345
0.000943745
8.2111e-05
0.00035187
0.000156894
8.5011e-05
0.000294156
0.00076605
6.364e-05
7.2125e-05
5.9426e-05
0.00108482
0.00080235
0.00100652
0.000250766
0.000539326
7.6391e-05
0.00010618
0.000396106
9.1424e-05
0.000118334
0.000583655
0.000624524
0.000540747
0.000742226
6.0312e-05
0.000274803
0.000172806
0.000146048
0.000142487
0.000237609
0.000121041
0.000186757
0.000188618
7.2756e-05
0.000158518
0.000600718
7.5795e-05
0.000269879
0.000237974
\end{filecontents}
