\begin{filecontents}{t4-cltj}
0.000102349
0.0002598
0.000567129
9.3628e-05
0.00106113
0.000872662
0.000227472
0.000622665
0.00042193
0.000872095
0.000834352
0.000162811
0.000625193
0.000106694
0.000512812
0.000167406
0.000402752
0.000213524
0.000198336
0.000332107
0.00153425
0.000371768
0.000802574
0.000564658
0.000191708
0.000251678
0.0017601
0.00011138
0.000250696
0.000162095
0.000255829
0.000427135
0.000399694
0.000217515
0.000442233
0.00136925
0.000437235
0.000229545
0.000631603
0.000190045
0.000296773
0.000335755
0.000191827
0.000157923
0.00107282
0.000127939
0.00010675
0.000978933
0.000315575
0.000252664
\end{filecontents}
