\begin{filecontents}{t4-uncltj}
0.000770666
0.00151728
0.00176557
0.000431384
0.00118544
0.000994359
0.000176156
0.000523325
0.000333586
0.000751236
0.000851176
0.000119789
0.000659601
9.005e-05
0.000467287
0.000143743
0.000380396
0.000201135
0.000161056
0.000284729
0.00189902
0.000373255
0.000855188
0.000572679
0.000156577
0.000231854
0.00174656
0.000112131
0.000228209
0.00015811
0.000185475
0.000396491
0.000347123
0.000231513
0.000538677
0.00150791
0.000381405
0.000228864
0.000552773
0.000238601
0.000319962
0.000319849
0.000163765
0.000148429
0.00106297
0.000108733
9.3753e-05
0.000975679
0.0003535
0.000361542
\end{filecontents}
