\begin{filecontents}{s4-cltj}
0.000303225
0.00199374
0.0001772
0.000167015
0.000171906
0.00184747
0.000116101
0.000812586
0.000850513
0.00301131
0.000164395
0.00172959
0.000923402
0.00319163
0.000797289
0.000188333
0.00113224
0.000574269
0.00244944
0.00319833
0.000681311
0.00198412
0.000594778
0.00423659
0.000362805
0.0013483
0.000576602
0.000158192
0.00126531
0.00221036
0.000157995
0.00023071
0.000142091
0.00606692
0.000830429
0.0015006
0.000306937
0.000300363
0.00022247
0.000106549
0.000550653
0.000624844
0.00577902
0.000147878
0.000169458
0.00038784
0.00216
0.00403605
0.0142618
0.000579077
\end{filecontents}
