\begin{filecontents}{s4-uncltj}
0.000425746
0.00389981
0.000324579
0.000155021
0.000134226
0.00178675
7.8648e-05
0.000703242
0.000787588
0.00286944
0.000134692
0.00170875
0.00086103
0.00309343
0.000757353
0.000148788
0.00103251
0.000574377
0.00225538
0.00319434
0.000618695
0.00183636
0.000650296
0.00507775
0.000358475
0.00137141
0.000536177
0.000147245
0.00109456
0.00211413
0.000147569
0.00020055
0.000138863
0.00718492
0.000747834
0.00138068
0.000307434
0.00027973
0.000255538
0.00017557
0.000631024
0.000550744
0.00504932
0.000244099
0.000200475
0.00041478
0.0021834
0.00333838
0.0137956
0.000639953
\end{filecontents}
