\begin{filecontents}{s2-cltj}
0.00497733
7.939e-05
0.00603082
0.00122763
0.000120873
0.00355734
0.00601543
0.000657896
0.00436968
0.000577781
0.00715107
0.00104458
0.000457917
0.0038448
0.00582376
0.000251151
0.001914
0.000233822
0.00288984
0.00133286
0.00130254
0.000173724
0.00146913
0.00251039
0.00112087
0.000145959
0.00388167
0.00109004
0.00104354
0.000213849
0.00034545
0.00066936
0.00048111
0.00042911
0.00180732
0.00825241
0.00230686
0.00154995
0.000142494
0.0097741
0.000242502
0.00194135
0.00152567
0.00217249
0.000542241
0.000124024
0.000590967
0.000203791
0.000132046
0.000250796
\end{filecontents}
