\begin{filecontents}{s2-uncltj}
0.00627499
0.000103908
0.0113121
0.00134445
0.000256549
0.00451012
0.00828774
0.000765351
0.00408926
0.000442387
0.00265875
0.000994174
0.000360491
0.00333708
0.00528784
0.000203055
0.0018731
0.00022024
0.00260412
0.00129444
0.00124985
0.000149308
0.00143787
0.00268422
0.00107316
0.000116815
0.00378268
0.00111115
0.000990444
0.000215415
0.000338823
0.000717415
0.000570851
0.000369319
0.00191571
0.0106849
0.00236191
0.00140486
0.000111564
0.00934977
0.000249428
0.0018523
0.00152598
0.00257739
0.000418168
9.8386e-05
0.000522059
0.000289932
9.9265e-05
0.00029278
\end{filecontents}
