\begin{filecontents}{j4-cltj}
0.000168836
0.000268441
0.000118612
0.000189681
0.000220463
0.000163319
0.000223781
0.000113403
0.000276564
0.00016536
0.000213783
0.000680886
0.000371934
0.000175263
0.000228466
0.000225561
0.00028792
0.00017685
0.000509522
0.000136878
0.000401902
0.0006854
0.00019993
0.000262439
0.000515881
0.000616733
0.000153225
0.000253018
0.000544745
0.000250567
0.00010125
0.000235519
0.000163216
0.00124104
0.000233238
0.000122625
0.000685815
0.000337766
0.000220933
0.000381841
0.000150453
0.000180115
0.000408125
0.00020931
0.000222455
0.000163817
0.000107062
0.000232962
0.000270731
0.000168402
\end{filecontents}
