\begin{filecontents}{j4-uncltj}
0.000264666
0.000631693
0.000228193
0.000209989
0.000289772
0.000185078
0.000128792
8.6621e-05
0.000222765
0.000111795
0.000151681
0.000642944
0.000301016
0.000132153
0.00020967
0.000209188
0.00022249
0.00015205
0.000513424
0.00012945
0.000383652
0.000660199
0.000185756
0.000232813
0.000395234
0.000606542
0.000199888
0.000248575
0.000536081
0.000224251
9.6403e-05
0.000210272
0.000147583
0.00123211
0.000198589
0.000128106
0.000782889
0.00037044
0.000257941
0.000608097
0.00011943
0.000183329
0.000730209
0.000194572
0.000204855
9.0286e-05
8.9899e-05
0.000233412
0.000327675
0.000210573
\end{filecontents}
