\begin{filecontents}{tr2-cltj}
0.000817416
0.000552341
0.000196232
0.0128136
0.000321491
0.000468655
0.000443126
0.0018231
0.00243961
0.00161443
0.00313152
0.0013565
0.000308843
0.000351882
0.00172146
0.00097209
0.00297158
0.000553639
0.0022328
0.000268213
0.000435815
0.000189385
0.000219464
0.000954958
0.000220298
0.000175654
0.000150202
0.000106127
0.00579738
0.00566427
0.000121801
0.00117046
0.00060719
0.000349027
0.000525475
0.00141164
0.00248731
0.000313258
0.00151703
0.00161789
0.00289397
0.000504225
0.0370742
0.000132499
0.000276586
0.0069319
0.0227047
0.000610691
0.00256633
0.000281716
\end{filecontents}
