\begin{filecontents}{tr2-uncltj}
0.001121
0.00124279
0.000344325
0.0128522
0.000370286
0.000569516
0.000445545
0.00173942
0.00233103
0.00154799
0.00307858
0.00139482
0.00031996
0.000294368
0.001642
0.000922208
0.00315647
0.00058163
0.00203291
0.000252355
0.000427664
0.000154806
0.000198174
0.000884271
0.000190059
0.000192288
0.000149134
0.000110835
0.00625124
0.00593746
0.000109542
0.00147142
0.000603329
0.000314082
0.00051074
0.00147866
0.00254715
0.000303746
0.00135617
0.00168058
0.00325578
0.000540206
0.0357902
0.000106629
0.000226752
0.00659261
0.0197375
0.000784325
0.00226809
0.000325239
\end{filecontents}
