\begin{filecontents}{s3-cltj}
0.000933794
0.000347164
0.00102377
0.00186306
0.00048562
0.00119456
0.00130344
0.00146753
0.000167183
0.000569702
0.056529
0.00235342
0.00034392
0.000683865
9.168e-05
0.000155628
0.00425958
0.019323
0.000395264
0.000630273
0.000338334
0.00462861
0.000552278
0.00400711
0.00313682
0.000147164
0.010141
0.00206351
0.00296535
0.00145609
0.000300291
0.00012869
0.00220699
0.0476976
0.00300418
0.00107326
0.000203869
0.000164906
0.00581668
0.00103129
0.000488555
0.0135346
0.000590818
0.000291006
0.000237078
0.00264663
0.00409828
0.000718517
0.0028226
0.0103499
\end{filecontents}
