\begin{filecontents}{s3-uncltj}
0.000892776
0.000402506
0.00255129
0.00262011
0.000642438
0.00136281
0.00266324
0.00105083
0.000127983
0.000455951
0.0564881
0.00215659
0.000336801
0.000639814
7.9619e-05
0.000141146
0.00384933
0.0186692
0.000419735
0.000530312
0.000322853
0.00453027
0.0004985
0.00390011
0.00261209
9.9641e-05
0.00883728
0.00191947
0.00252551
0.00146253
0.000307447
0.000107694
0.00201944
0.0457592
0.00353491
0.00222597
0.000211087
0.000132906
0.00588247
0.000902253
0.000558684
0.0131993
0.000526054
0.000245147
0.000304301
0.00252718
0.00414495
0.000756815
0.00249733
0.0108079
\end{filecontents}
